0 1
0 2
0 3
0 4
0 5
0 6
0 33
0 9
0 45
0 34
0 14
0 15
0 50
0 41
0 47
0 30
1 2
1 3
1 5
1 38
1 71
1 8
1 9
1 11
1 13
1 15
1 19
1 22
1 23
1 55
1 61
2 3
2 36
2 6
2 64
2 15
2 47
3 4
3 5
3 6
3 81
3 8
3 10
3 75
3 14
3 79
3 16
3 17
3 20
3 21
3 87
3 26
3 15
3 28
4 65
4 66
4 5
4 7
4 8
4 9
4 10
4 11
4 13
4 14
4 17
4 75
4 24
4 25
4 94
4 31
5 8
5 9
5 11
5 12
5 13
5 18
5 19
5 20
5 41
5 54
5 23
5 75
5 93
5 30
5 63
6 32
6 46
6 80
6 59
7 9
7 10
7 17
7 24
7 31
8 9
8 10
8 11
8 20
8 23
8 68
9 10
9 11
9 15
9 17
9 83
9 20
10 34
10 52
10 21
10 24
10 25
10 63
11 32
11 12
11 13
11 20
11 21
11 25
11 37
12 13
12 17
12 19
12 53
12 54
12 56
12 25
12 58
12 27
13 32
13 36
13 38
13 71
13 22
13 89
13 62
14 47
14 16
14 51
14 20
14 21
14 26
14 29
15 35
15 17
16 51
16 18
16 21
17 77
17 18
17 67
17 20
17 22
17 56
18 61
19 32
19 41
19 42
19 53
19 57
20 91
20 21
20 26
20 27
20 29
20 95
21 84
21 36
21 49
21 89
21 25
22 40
22 24
22 30
22 31
23 32
23 38
23 42
24 33
24 40
24 30
24 31
25 27
26 99
26 68
26 38
28 48
28 33
28 82
28 44
29 51
29 35
29 63
30 40
30 41
32 36
32 38
32 39
32 43
32 44
33 34
33 77
33 52
34 52
34 45
35 73
35 90
36 43
36 79
36 49
36 82
37 97
38 62
39 57
43 44
43 88
43 60
44 48
45 68
46 80
47 57
50 69
50 71
51 72
51 82
52 63
53 70
54 58
54 86
54 78
55 69
56 76
57 68
61 63
63 80
64 92
65 75
66 74
70 72
72 74
73 90
74 80
75 79
77 85
91 98
93 96
