0.122840
0.045805
0.138230
0.011287
0.056065
0.035873
0.112035
0.134243
0.033932
0.067312
0.044865
0.011309
0.122924
0.022440
0.135991
0.056108
0.011900
0.166386
0.011349
0.045363
0.033867
0.034187
0.044761
0.022438
0.122983
0.078203
0.011314
0.022424
0.133814
0.044689
0.011336
0.011270
0.011269
0.133915
0.011336
0.033627
0.044754
0.033514
0.022485
0.067575
0.022437
0.022367
0.033579
0.122800
0.011292
0.033728
0.011352
0.067559
0.022585
0.078422
0.034558
0.079034
0.022549
0.022434
0.022533
0.022484
0.033719
0.055893
0.011273
0.056111
0.045772
0.033728
0.123275
0.022501
0.134211
0.022554
0.056390
0.111686
0.011285
0.033721
0.022520
0.067314
0.044974
0.011319
0.033764
0.033660
0.044902
0.011341
0.011386
0.078125
0.022508
0.078315
0.012697
0.011361
0.022435
0.033706
0.022582
0.033646
0.067390
0.011326
0.089729
0.013649
0.067100
0.089820
0.067294
0.044776
0.225143
0.044882
0.022523
0.134259
0.179863
0.033783
0.090257
0.022458
0.122893
0.033615
0.011590
0.033775
0.033519
0.022398
0.055920
0.022465
0.011270
0.022392
0.011299
0.022487
0.044727
0.123889
0.033563
0.033498
0.011280
0.212194
0.022482
0.011340
0.011311
0.044987
0.011314
0.011292
0.044736
0.034030
0.222531
0.011309
0.200946
0.011491
0.011271
0.133744
0.045168
0.033629
0.090490
0.022528
0.022502
0.011385
0.089483
0.022437
0.133767
0.044623
0.078006
0.044814
0.011292
0.111675
0.045027
0.122831
0.022818
0.044740
0.011299
0.022403
0.044755
0.179511
0.022417
0.033656
0.033633
0.011307
0.089342
0.078175
0.022627
0.056351
0.123284
0.067096
0.022392
0.022402
0.044752
0.067135
0.022473
0.022425
0.011320
0.011772
0.034147
0.090077
0.022535
0.011370
0.011303
0.011407
0.023729
0.011329
0.223417
0.022392
0.044864
0.111726
0.044735
0.044741
0.011290
0.033573
0.056411
0.067153
0.078202
0.022475
0.022467
0.134070
0.112614
0.134658
0.089740
0.067358
0.022528
0.201853
0.022518
0.033881
0.022552
0.090472
0.044839
0.022623
0.011356
0.022518
0.138044
0.012890
0.011325
0.022849
0.045408
0.011987
0.045025
0.090291
0.011339
0.033773
0.045884
0.022589
0.044931
0.124055
0.134675
0.033742
0.022525
0.214195
0.011378
0.123734
0.045169
0.045101
0.022662
0.036370
0.011381
0.022567
0.011347
0.033806
0.011335
0.078961
0.011385
0.044907
0.034006
0.078746
0.135188
0.033786
0.056571
0.069505
0.078625
0.078626
0.067441
