0.012286
0.012341
0.012323
0.012417
0.012347
0.012355
0.012430
0.012313
0.012327
0.012328
0.012324
0.012809
0.012329
0.012360
0.012362
0.012314
0.012327
0.012328
0.012310
0.012314
0.012300
0.012366
0.012325
0.012319
0.014765
0.012363
0.012651
0.012349
0.012579
0.012340
0.012367
0.012249
0.012364
0.012542
0.012323
0.012311
0.012375
0.012310
0.012385
0.012385
0.012297
0.012305
0.012343
0.012260
0.012302
0.012486
0.012289
0.012364
0.012288
0.012393
0.012326
0.012364
0.012415
0.012377
0.012324
0.012329
0.012335
0.015460
0.012391
0.012279
0.012280
0.012277
0.012394
0.012830
0.012314
0.012348
0.012905
0.012345
0.012602
0.012328
0.012335
0.012302
0.012343
0.012511
0.012804
0.012419
0.012335
0.012373
0.012428
0.012345
0.012339
0.012383
0.013984
0.026527
0.014677
0.012586
0.012303
0.012311
0.012661
0.012315
0.012354
0.012332
0.012431
0.012312
0.012332
0.012340
0.012333
0.013877
0.012385
0.012117
0.011709
0.011637
0.011677
0.011770
0.011658
0.011682
0.011698
0.011705
0.011839
0.018345
0.011701
0.011721
0.011679
0.011728
0.011701
0.011932
0.011691
0.011600
0.012052
0.011662
0.011685
0.011697
0.011664
0.011718
0.011627
0.011610
0.011673
0.011633
0.011600
0.011597
0.011606
0.011741
0.011761
0.011734
0.011614
0.011641
0.011607
0.011864
0.011669
0.011612
0.012364
0.011617
0.011669
0.011558
0.011994
0.011549
0.011732
0.011647
0.011568
0.011490
0.011699
0.011607
0.011657
0.011599
0.011590
0.011630
0.011669
0.011754
0.012696
0.011714
0.011696
0.011684
0.011649
0.011603
0.011650
0.011684
0.011637
0.011750
0.016812
0.012156
0.011674
0.011675
0.011611
0.012116
0.011637
0.011911
0.012091
0.011854
0.011739
0.011609
0.011672
0.011637
0.011638
0.011682
0.011658
0.015466
0.011631
0.011985
0.011530
0.011600
0.011646
0.011510
0.011636
0.020228
0.011633
0.011675
0.011702
0.011697
0.011710
0.011660
0.013470
0.011625
0.011617
0.011617
0.011610
0.011742
0.011616
0.011621
0.011772
0.011669
0.011629
0.011782
0.011624
0.011769
0.011604
0.011605
0.011709
0.011637
0.011623
0.011653
0.011539
0.011628
0.011584
0.011754
0.011697
0.011663
0.011635
0.011695
0.011663
0.011703
0.011639
0.012111
0.011995
0.011637
0.011709
0.011619
0.011803
0.011645
0.012263
0.011599
0.012399
0.011858
0.011668
0.011657
0.011641
0.011615
0.011622
0.011598
0.011607
0.012196
0.011675
0.011637
0.011627
0.011718
0.011618
0.011641
0.011677
0.014971
0.011630
0.011577
0.011529
0.011627
0.012137
0.011767
0.011650
0.011680
0.011686
0.011664
0.011654
0.011711
0.011683
0.011684
0.011643
0.011657
0.011663
0.011677
0.011685
0.011674
0.011653
0.011693
0.011695
0.011673
0.011674
0.011686
0.011706
0.011699
0.011669
0.011674
0.011686
0.011707
0.012080
0.011608
0.011649
0.011662
0.011706
0.011687
0.011972
0.011669
0.011625
0.011669
0.011595
0.011647
0.011622
0.011676
0.011597
0.012501
0.011623
0.011671
0.011598
0.011687
0.011604
0.011598
0.011612
0.011644
0.011632
0.011628
0.012126
0.011640
0.011629
0.011625
0.011680
0.011674
0.011649
0.011630
0.011557
0.011581
0.012813
0.011662
0.011609
0.011710
0.011611
0.011612
0.011691
0.011679
0.011624
0.011822
0.014012
0.011672
0.011726
0.011653
0.012783
0.011665
0.011612
0.011696
0.011654
0.011953
0.011660
0.011610
0.011615
0.012128
0.011640
0.011654
0.011707
0.011679
0.011634
0.011721
0.012057
0.011633
0.011675
0.011623
0.011665
0.011676
0.011616
0.011635
0.011671
0.011602
0.011653
0.014280
0.011774
0.011645
0.012237
0.011590
0.011634
0.011639
0.021698
0.011759
0.011663
0.011632
0.011653
0.011638
0.011636
0.011594
0.011657
0.011630
0.012203
0.011745
0.011593
0.011578
0.011612
0.011764
0.011601
0.011707
0.011593
0.011640
0.011740
0.011693
0.011758
0.012060
0.013540
0.012156
0.011606
0.015760
0.012009
0.011608
0.011582
0.011609
0.015282
0.011650
0.011664
0.011635
0.011611
0.011606
0.017418
0.011597
0.011595
0.011622
0.011663
0.011613
0.011623
0.011543
0.011629
0.011646
0.011663
0.011606
0.011641
0.011600
0.011666
0.011647
0.011632
0.011633
0.011645
0.011682
0.011636
0.011596
0.011679
0.011646
0.011644
0.011658
0.011662
0.011661
0.011639
0.011641
0.011619
0.011700
0.011709
0.011646
0.011700
0.011721
0.012351
0.011629
0.011718
0.011632
0.011911
0.011626
0.011661
0.013090
0.011694
0.011641
0.011663
0.011623
0.011610
0.011624
0.011718
0.011597
0.011591
0.011627
0.011621
0.011594
0.011579
0.011579
0.011645
0.011653
0.011595
0.011815
0.011588
0.018000
0.011686
0.011711
0.011674
0.011772
0.011809
0.011925
0.012251
0.012656
0.011981
0.011662
0.012349
0.013774
0.011703
0.011671
0.011736
0.011700
0.011646
0.011615
0.011669
0.011673
0.011687
0.011657
0.011709
0.011721
0.012020
0.011626
0.011728
0.012962
0.011653
0.011661
0.011650
0.011664
0.011683
0.011772
0.011692
0.011641
0.011682
0.011670
0.011670
0.011835
0.011643
0.011655
0.011975
0.011693
0.011940
0.011650
0.011670
0.011680
0.011674
0.011637
0.011819
0.011685
0.011652
0.011638
0.011701
0.011650
0.011664
0.011660
0.011670
0.011713
0.011677
0.011678
0.011654
0.011668
0.011683
0.011725
0.011632
0.011640
0.011793
0.011658
0.011620
0.011648
0.011650
0.011631
0.011700
0.011656
0.011670
0.011655
0.011686
0.011627
0.011668
0.011652
0.011695
0.011678
0.012736
0.011711
0.011840
0.014047
0.011650
0.011915
0.011706
0.011945
0.011724
0.011642
0.011640
0.011650
0.011642
0.011693
0.011703
0.011685
0.011649
0.011655
0.011680
0.011646
0.011623
0.011623
0.011662
0.011671
0.011621
0.011638
0.011653
0.011670
0.011636
0.011614
0.011713
0.011624
0.011659
0.011651
0.011695
0.011656
0.011663
0.011658
0.011579
0.011620
0.011992
0.011667
0.011660
0.011653
0.011643
0.011689
0.011752
0.011657
0.011750
0.011642
0.011640
0.011775
0.011663
0.011683
0.011746
0.011712
0.011708
0.011880
0.012004
0.013220
0.011675
0.011695
0.011782
0.011654
0.011617
0.011667
0.011674
0.013019
0.012158
0.011714
0.011648
0.011701
0.011661
0.011664
0.011640
0.011656
0.011633
0.026413
0.011640
0.011657
0.011656
0.011756
0.011869
0.011759
0.011677
0.011645
0.011997
0.011675
0.011658
0.011521
0.011687
0.011638
0.011638
0.011648
0.011664
0.011660
0.011621
0.011650
0.011649
0.011620
0.011638
0.011660
0.011656
0.011619
0.011645
0.011853
0.019240
0.011623
0.011670
0.011696
0.011629
0.011679
0.011697
0.011693
0.011733
0.011611
0.011705
0.011720
0.011677
0.011702
0.011711
0.024414
0.011659
0.012589
0.013362
0.011605
0.011684
0.011675
0.011687
0.011693
0.011706
0.011681
0.011689
0.011668
0.011676
0.011680
0.012227
0.012472
0.013238
0.013042
0.011753
0.011793
0.011732
0.011704
0.011840
0.011843
0.013320
0.012089
0.012430
0.011734
0.011711
0.011777
0.011676
0.011688
0.011697
0.012632
0.011685
0.011638
0.011655
0.011712
0.011810
0.011693
0.011678
0.011678
0.011720
0.011675
0.011706
0.011689
0.011696
0.011798
0.011738
0.011720
0.011683
0.011664
0.011737
0.011681
0.011660
0.011802
0.011625
0.024449
0.011797
0.011746
0.011671
0.011622
0.011737
0.011727
0.011640
0.011654
0.011644
0.011731
0.012139
0.011735
0.011662
0.011654
0.011689
0.011607
0.011665
0.011720
0.011638
0.011714
0.011653
0.011694
0.011613
0.011633
0.011649
0.011632
0.011936
0.011773
0.011686
0.011704
0.011652
0.011664
0.011649
0.011702
0.011678
0.011711
0.011737
0.011662
0.011650
0.011645
0.011657
0.011655
0.011742
0.011665
0.011673
0.011562
0.011762
0.011896
0.011661
0.013481
0.011836
0.011640
0.011822
0.011694
0.011612
0.011686
0.011683
0.011849
0.011648
0.011670
0.011587
0.011703
0.011587
0.011931
0.011611
0.011636
0.011687
0.011623
0.011616
0.011594
0.011667
0.011726
0.011619
0.011624
0.011702
0.011634
0.011927
0.011729
0.011515
0.012009
0.011714
0.013216
0.011642
0.011729
0.011679
0.011629
0.011603
0.011686
0.014395
0.011701
0.011767
0.011667
0.011732
0.011711
0.011680
0.011682
0.011648
0.011575
0.011616
0.011644
0.011606
0.011868
0.011569
0.011750
0.011688
0.011713
0.011703
0.011752
0.011666
0.011680
0.011699
0.011663
0.011670
0.011686
0.011610
0.011727
0.011677
0.011674
0.011666
0.011638
0.011648
0.011649
0.011683
0.011667
0.011698
0.011720
0.011664
0.011666
0.011674
0.011612
0.011680
0.011638
0.011752
0.011818
0.011735
0.011694
0.011641
0.011691
0.011661
0.011671
0.011659
0.011644
0.011644
0.012002
0.011722
0.011495
0.011528
0.011668
0.011612
0.011973
0.011940
0.011616
0.011512
0.011784
0.011539
0.011714
0.011711
0.011624
0.011686
0.012835
0.011713
0.011687
0.011668
0.011691
0.011660
0.011814
0.011593
0.012433
0.011577
0.011662
0.014942
0.011678
0.011615
0.011670
0.011650
0.011798
0.011686
0.011699
0.011719
0.019716
0.011726
0.011666
0.011658
0.011665
0.011725
0.011712
0.011661
0.011676
0.011639
0.011665
0.011672
0.011679
0.011667
0.011640
0.011752
0.011667
0.011667
0.011636
0.011632
0.011643
0.011610
0.011659
0.011893
0.011631
0.011661
0.011731
0.011724
0.011630
0.011641
0.011759
0.011764
0.011609
0.012130
0.011612
0.011660
0.011678
0.012580
0.011658
0.011618
0.011637
0.011861
0.011648
0.011612
0.011635
0.012154
0.011706
0.011532
0.011612
0.011626
0.011580
0.012092
0.011639
0.012086
0.011654
0.011768
0.011666
0.011640
0.011698
0.011724
0.011657
0.011623
0.011784
0.012134
0.012119
0.011628
0.011598
0.013549
0.011688
0.011642
0.011753
0.013049
0.011740
0.011665
0.011648
0.011642
0.011857
0.011654
0.011649
0.011746
0.011696
0.011697
0.011695
0.011620
0.011699
0.011649
0.011643
0.011655
0.011660
0.011757
0.011640
0.011742
0.011725
0.011698
0.011668
0.011670
0.011694
0.011649
0.011660
0.011611
0.011764
0.011679
0.011669
0.011667
0.011666
0.011645
0.012991
0.011649
0.012084
0.011676
0.011734
0.011675
0.011694
0.011838
0.011707
0.011761
0.011636
0.011728
0.011650
0.011657
0.011635
0.011615
0.011627
0.011623
0.011629
0.011733
0.011622
0.011663
0.011638
0.011663
0.011737
0.011702
0.011618
0.011683
0.011679
0.011676
0.011677
0.011642
0.011586
0.011626
0.011630
0.011621
0.011659
0.012310
0.011662
0.011701
0.011703
0.011656
0.011828
0.011649
0.011633
0.011690
0.011666
0.011662
0.011670
0.011817
0.011619
0.011640
0.011615
0.011716
0.011662
0.011660
0.028470
0.011763
0.011752
0.014109
