0.022538
0.090482
0.033666
0.011293
0.011459
0.045854
0.022499
0.033679
0.022445
0.022494
0.033717
0.044908
0.067700
0.022719
0.067139
0.089316
0.033841
0.079105
0.022527
0.067636
0.112528
0.011398
0.022501
0.056013
0.179973
0.023034
0.011477
0.022658
0.011320
0.022494
0.011308
0.011272
0.135161
0.044940
0.011326
0.022440
0.045282
0.122801
0.034194
0.089419
0.011322
0.135593
0.011299
0.022497
0.200758
0.022686
0.033629
0.034082
0.011395
0.033846
0.134529
0.046167
0.011347
0.067269
0.033627
0.223933
0.011966
0.033708
0.045002
0.044834
0.056026
0.033686
0.022461
0.022504
0.011407
0.179789
0.011596
0.034307
0.058162
0.045420
0.034321
0.034403
0.072186
0.203757
0.011313
0.022449
0.056240
0.033786
0.180069
0.078791
0.022552
0.022583
0.011383
0.022571
0.078522
0.112208
0.033768
0.123721
0.022544
0.179526
0.023603
0.045012
0.081952
0.025674
0.033835
0.033574
0.133932
0.033786
0.011283
0.033668
0.037017
0.033675
0.123225
0.047520
0.055972
0.022459
0.033557
0.044793
0.022425
0.022406
0.033592
0.011770
0.057013
0.022440
0.022449
0.022446
0.022496
0.078800
0.045035
0.112369
0.046506
0.035524
0.022529
0.044883
0.111822
0.112746
0.089859
0.044876
0.022685
0.067732
0.011440
0.181399
0.011444
0.011527
0.022680
0.135066
0.011518
0.022543
0.090190
0.022560
0.202307
0.011518
0.011379
0.034025
0.011483
0.011366
0.067580
0.022702
0.033902
0.033925
0.022753
0.045160
0.078978
0.033888
0.022710
0.067980
0.067852
0.022695
0.022743
0.034003
0.022671
0.045279
0.011419
0.011348
0.011351
0.080105
0.056443
0.011371
0.022700
0.113832
0.226371
0.067968
0.022619
0.224820
0.011371
0.011368
0.112427
0.056312
0.022605
0.078455
0.044969
0.056260
0.134819
0.022649
0.011407
0.022573
0.068958
0.033804
0.022579
0.011374
0.123892
0.045367
0.033765
0.044970
0.033754
0.011352
0.033678
0.134493
0.123301
0.134420
0.011316
0.011379
0.011347
0.033770
0.033830
0.078869
0.045097
0.033930
0.011799
0.011358
0.067374
0.067296
0.067181
0.067140
0.022544
0.056071
0.056164
0.067956
0.067391
0.033699
0.112249
0.011346
0.056032
0.067193
0.011373
0.033831
0.035626
0.034232
0.078623
0.022542
0.011322
0.011346
0.022554
0.224325
0.152217
0.011331
0.074208
0.034098
0.023007
0.056690
0.011288
0.023032
0.045308
0.033742
0.112083
0.056213
0.011336
0.067382
0.022563
0.123530
0.067388
0.011359
0.022554
0.057235
0.212941
0.204430
0.022747
0.034206
0.034223
0.067298
0.044968
0.011279
0.112134
0.011317
0.011331
0.123251
0.056278
0.022596
0.022511
0.079018
0.044755
0.011315
0.134988
0.023344
0.089950
0.011321
0.078250
0.022500
0.011303
0.111815
0.045179
0.033733
0.022595
0.056065
0.022521
0.022551
0.033644
0.033777
0.034276
0.022551
0.022485
0.022528
0.022494
0.033732
0.056501
0.022590
0.033658
0.033636
0.022465
0.044916
0.022515
0.067018
0.055870
0.033876
0.135193
0.044942
0.212720
0.023301
0.011314
0.044984
0.044873
0.122978
0.111902
0.045380
0.089651
0.022818
0.022506
0.022565
0.067066
0.179023
0.134480
0.033720
0.123303
0.179228
0.011770
0.112082
0.022452
0.056881
0.011348
0.033557
0.022501
0.011341
0.044741
0.056039
0.067148
0.067240
0.045207
0.089548
0.033692
0.067298
0.179386
0.179966
0.033700
0.022440
0.022469
0.011678
0.011278
0.010539
0.020761
0.010442
0.020669
0.010657
0.020720
0.010457
0.010522
0.020815
0.010485
0.020767
0.020782
0.010795
0.010460
0.020754
0.021261
0.010491
0.020700
0.010732
0.010549
0.020641
0.010491
0.020676
0.010481
0.020784
0.010449
0.020647
0.020898
0.011956
0.020454
0.010432
0.020487
0.010433
0.020637
0.010343
0.020832
0.205262
0.185464
0.071790
0.103079
0.062473
0.164043
0.205174
0.164087
0.205537
0.072307
0.122874
0.062094
0.164431
0.185820
0.077355
0.166665
0.072235
0.204090
0.168880
0.167107
0.164045
0.164369
0.163844
0.165238
0.164564
0.164530
0.164769
0.164023
0.164224
0.164645
0.163220
0.163875
0.163664
0.163599
0.164169
0.163626
0.170168
0.168056
0.165460
0.165665
0.163628
0.164519
0.164145
0.166257
0.164518
0.163160
0.168925
0.163938
0.164951
0.163329
0.163556
0.163798
0.163559
0.163634
0.163821
0.164136
0.162704
0.163452
0.163377
0.163319
0.163616
0.164111
0.163631
0.163457
0.164541
0.164099
0.163239
0.165438
0.164149
0.163933
0.164182
0.164747
0.163641
0.173790
0.164141
0.163979
0.170425
0.164234
0.163772
0.181279
